Scalar Name: Displacement X
Inc.    203104         206466         240412         243734         
x       3.38E+02       3.38E+02       3.35E+02       3.35E+02       
y       0.00E+00       -5.00E+00      0.00E+00       -5.00E+00      
z       0.00E+00       0.00E+00       0.00E+00       0.00E+00       
1       0.00E+00       0.00E+00       0.00E+00       0.00E+00       
2       1.45E-02       -6.42E-03      1.46E-02       -6.38E-03      
3       2.91E-02       -1.28E-02      2.93E-02       -1.28E-02      
4       4.36E-02       -1.93E-02      4.39E-02       -1.91E-02      
5       5.81E-02       -2.57E-02      5.86E-02       -2.55E-02      
6       7.26E-02       -3.21E-02      7.32E-02       -3.19E-02      
7       8.72E-02       -3.85E-02      8.79E-02       -3.83E-02      
8       1.02E-01       -4.50E-02      1.03E-01       -4.47E-02      
9       1.16E-01       -5.14E-02      1.17E-01       -5.11E-02      
10      1.31E-01       -5.78E-02      1.32E-01       -5.74E-02      
11      1.45E-01       -6.42E-02      1.46E-01       -6.38E-02      
12      1.60E-01       -7.07E-02      1.61E-01       -7.02E-02      
13      1.74E-01       -7.72E-02      1.76E-01       -7.67E-02      
14      1.89E-01       -8.37E-02      1.91E-01       -8.32E-02      
15      2.04E-01       -9.03E-02      2.05E-01       -8.97E-02      
16      2.18E-01       -9.69E-02      2.20E-01       -9.63E-02      
17      2.33E-01       -1.04E-01      2.35E-01       -1.03E-01      
18      2.48E-01       -1.11E-01      2.50E-01       -1.11E-01      
19      2.62E-01       -1.19E-01      2.65E-01       -1.19E-01      
20      2.77E-01       -1.28E-01      2.80E-01       -1.27E-01      
21      2.93E-01       -1.38E-01      2.95E-01       -1.37E-01      

