Scalar Name: Displacement X
Inc.    203104         206466         240412         243734         
x       3.38E+02       3.38E+02       3.35E+02       3.35E+02       
y       0.00E+00       -5.00E+00      0.00E+00       -5.00E+00      
z       0.00E+00       0.00E+00       0.00E+00       0.00E+00       
1       0.00E+00       0.00E+00       0.00E+00       0.00E+00       
2       1.95E-02       -9.50E-04      1.97E-02       -8.88E-04      
3       3.90E-02       -1.90E-03      3.93E-02       -1.78E-03      
4       5.85E-02       -2.86E-03      5.90E-02       -2.67E-03      
5       7.80E-02       -3.81E-03      7.87E-02       -3.56E-03      
6       9.75E-02       -4.76E-03      9.83E-02       -4.45E-03      
7       1.17E-01       -5.72E-03      1.18E-01       -5.35E-03      
8       1.36E-01       -6.68E-03      1.38E-01       -6.24E-03      
9       1.56E-01       -7.65E-03      1.57E-01       -7.15E-03      
10      1.75E-01       -8.69E-03      1.77E-01       -8.13E-03      
11      1.95E-01       -9.78E-03      1.97E-01       -9.16E-03      
12      2.14E-01       -1.10E-02      2.16E-01       -1.03E-02      
13      2.34E-01       -1.26E-02      2.36E-01       -1.18E-02      
14      2.53E-01       -1.48E-02      2.56E-01       -1.40E-02      
15      2.73E-01       -1.80E-02      2.75E-01       -1.71E-02      
16      2.92E-01       -2.21E-02      2.95E-01       -2.11E-02      
17      3.12E-01       -2.72E-02      3.14E-01       -2.62E-02      
18      3.31E-01       -3.34E-02      3.34E-01       -3.24E-02      
19      3.50E-01       -4.16E-02      3.53E-01       -4.05E-02      
20      3.69E-01       -5.21E-02      3.73E-01       -5.11E-02      
21      3.88E-01       -6.27E-02      3.92E-01       -6.16E-02      

