Scalar Name: Displacement Y
Inc.    203104         206466         240412         243734         
x       3.38E+02       3.38E+02       3.35E+02       3.35E+02       
y       0.00E+00       -5.00E+00      0.00E+00       -5.00E+00      
z       0.00E+00       0.00E+00       0.00E+00       0.00E+00       
1       0.00E+00       0.00E+00       0.00E+00       0.00E+00       
2       1.95E-02       -1.05E-03      1.97E-02       -9.78E-04      
3       3.90E-02       -2.10E-03      3.93E-02       -1.96E-03      
4       5.85E-02       -3.15E-03      5.90E-02       -2.94E-03      
5       7.79E-02       -4.20E-03      7.86E-02       -3.92E-03      
6       9.74E-02       -5.25E-03      9.83E-02       -4.90E-03      
7       1.17E-01       -6.30E-03      1.18E-01       -5.89E-03      
8       1.36E-01       -7.35E-03      1.38E-01       -6.87E-03      
9       1.56E-01       -8.42E-03      1.57E-01       -7.87E-03      
10      1.75E-01       -9.56E-03      1.77E-01       -8.94E-03      
11      1.95E-01       -1.07E-02      1.97E-01       -1.01E-02      
12      2.14E-01       -1.21E-02      2.16E-01       -1.13E-02      
13      2.34E-01       -1.37E-02      2.36E-01       -1.29E-02      
14      2.53E-01       -1.61E-02      2.55E-01       -1.52E-02      
15      2.73E-01       -1.94E-02      2.75E-01       -1.84E-02      
16      2.92E-01       -2.36E-02      2.95E-01       -2.26E-02      
17      3.11E-01       -2.88E-02      3.14E-01       -2.77E-02      
18      3.31E-01       -3.52E-02      3.34E-01       -3.41E-02      
19      3.50E-01       -4.35E-02      3.53E-01       -4.23E-02      
20      3.69E-01       -5.42E-02      3.72E-01       -5.30E-02      
21      3.88E-01       -6.49E-02      3.92E-01       -6.37E-02      

