Scalar Name: Displacement Y
Inc.    203104         206466         240412         243734         
x       3.38E+02       3.38E+02       3.35E+02       3.35E+02       
y       0.00E+00       -5.00E+00      0.00E+00       -5.00E+00      
z       0.00E+00       0.00E+00       0.00E+00       0.00E+00       
1       0.00E+00       0.00E+00       0.00E+00       0.00E+00       
2       1.45E-02       -6.49E-03      1.46E-02       -6.45E-03      
3       2.90E-02       -1.30E-02      2.93E-02       -1.29E-02      
4       4.36E-02       -1.95E-02      4.39E-02       -1.93E-02      
5       5.81E-02       -2.60E-02      5.86E-02       -2.58E-02      
6       7.26E-02       -3.25E-02      7.32E-02       -3.22E-02      
7       8.71E-02       -3.90E-02      8.79E-02       -3.87E-02      
8       1.02E-01       -4.55E-02      1.02E-01       -4.51E-02      
9       1.16E-01       -5.19E-02      1.17E-01       -5.16E-02      
10      1.31E-01       -5.84E-02      1.32E-01       -5.80E-02      
11      1.45E-01       -6.49E-02      1.46E-01       -6.45E-02      
12      1.60E-01       -7.15E-02      1.61E-01       -7.10E-02      
13      1.74E-01       -7.80E-02      1.76E-01       -7.75E-02      
14      1.89E-01       -8.46E-02      1.90E-01       -8.40E-02      
15      2.03E-01       -9.12E-02      2.05E-01       -9.06E-02      
16      2.18E-01       -9.80E-02      2.20E-01       -9.73E-02      
17      2.33E-01       -1.05E-01      2.35E-01       -1.04E-01      
18      2.47E-01       -1.12E-01      2.49E-01       -1.12E-01      
19      2.62E-01       -1.21E-01      2.64E-01       -1.20E-01      
20      2.77E-01       -1.29E-01      2.80E-01       -1.29E-01      
21      2.93E-01       -1.39E-01      2.95E-01       -1.38E-01      

